00001000000000000000000000001000
00100000000000010000000000000010
00100000000000010000000011010110
00100100000000101111111100101011
00000000010000010001100000100000
00000000010000010010000000100001
00110000010001000000000000000111
00110100010001010000000000000111
00111000010001100000000000000111
00000000100000110010100000100010
00000000100000110011000000100011
00100000000000110000000000000111
00000000010000110010000000100100
00000000010000110010100000100101
00000000010000110011000000100111
00000000010000110011100000100110
00000000011000010010000000101010
00000000011000010010000000101011
00000000000000110010000010000000
00000000000000110010100010000010
00000000000000110011000010000011
00100000000001110000000000000010
00000000111000110010000000000100
00000000111000110010100000000110
00000000111000110011000000000111
00000000111000000001100000100001
10101100011000100000000000000010
10001100011001000000000000000010
10100000011000100000000000000110
10000000011001000000000000000110
00000100000000010000000000000001
00100000000001000000000000000101
00011100000000000000000000000001
00100000000001001111111111111111
00000100100000000000000000000001
00011000011000000000000000000001
00010000011001000000000000000001
00010100011001000000000000000001
00100000000001000000000000000011
00001100000000000000000010101000
00100000000001000000000000000010
11111100000000000000000000000000
00000011111000000000000000001000